sin@Basalt knapsack % ./knapsack.exe 300 15, 20, 49, 52, 19, 18, 68, 38, 38, 38, 55, 39, 108, 103, 18, 41, 44, 45, 78,
300 yen, 19 items: 
15, 20, 49, 52, 19, 18, 68, 38, 38, 38, 55, 39, 108, 103, 18, 41, 44, 45, 78, 

By enumeration: 26.761 milli sec.
Total 300 yen.
Buy item id 1 (20), 2 (49), 3 (52), 5 (18), 6 (68), 7 (38), 10 (55), 

By recursion: 2.380 milli sec.
function calls = 0
Total 300 yen.
Buy item id 1 (20), 2 (49), 3 (52), 5 (18), 6 (68), 7 (38), 10 (55), 

sin@Basalt knapsack % ./knapsack.exe 300 15, 20, 49, 52, 19, 18, 68, 38, 38, 38, 55, 39, 108, 103, 18, 41, 44, 45, 78, 78, 58, 58, 68, 58, 128,
300 yen, 25 items: 
15, 20, 49, 52, 19, 18, 68, 38, 38, 38, 55, 39, 108, 103, 18, 41, 44, 45, 78, 78, 58, 58, 68, 58, 128, 

By enumeration: 1671.641 milli sec.
Total 300 yen.
Buy item id 1 (20), 2 (49), 3 (52), 5 (18), 6 (68), 7 (38), 10 (55), 

By recursion: 11.409 milli sec.
function calls = 0
Total 300 yen.
Buy item id 1 (20), 2 (49), 3 (52), 5 (18), 6 (68), 7 (38), 10 (55), 

sin@Basalt knapsack % ./knapsack.exe 300 15, 20, 49, 52, 19, 18, 68, 38, 38, 38, 55, 39, 108, 103, 18, 41, 44, 45, 78, 78, 58, 58, 68, 58, 128, 158, 108, 138, 78, 78,
300 yen, 30 items: 
15, 20, 49, 52, 19, 18, 68, 38, 38, 38, 55, 39, 108, 103, 18, 41, 44, 45, 78, 78, 58, 58, 68, 58, 128, 158, 108, 138, 78, 78, 

By enumeration: 54045.982 milli sec.
Total 300 yen.
Buy item id 1 (20), 2 (49), 3 (52), 5 (18), 6 (68), 7 (38), 10 (55), 

By recursion: 17.075 milli sec.
function calls = 0
Total 300 yen.
Buy item id 1 (20), 2 (49), 3 (52), 5 (18), 6 (68), 7 (38), 10 (55), 


$ ./Debug/Problem_Knapsack.exe 500 15, 20, 49, 52, 19, 18, 68, 38, 38, 38, 55, 39, 108, 103, 18, 41, 44, 45, 78, 78, 58, 58, 68, 58, 128, 158, 108, 138, 78, 78, 58, 158, 68, 128, 98, 158, 118, 128, 328, 228, 238, 198, 298, 64, 178, 115, 138, 148, 88, 89, 178, 138, 338, 98, 93
500 yen, 55 items:
15, 20, 49, 52, 19, 18, 68, 38, 38, 38, 55, 39, 108, 103, 18, 41, 44, 45, 78, 78, 58, 58, 68, 58, 128, 158, 108, 138, 78, 78, 58, 158, 68, 128, 98, 158, 118, 128, 328, 228, 238, 198, 298, 64, 178, 115, 138, 148, 88, 89, 178, 138, 338, 98, 93,

By recursion: 40426.000 milli sec.
function calls = 1397868482

Total 500 yen.
Buy item id 43 (64), 52 (338), 53 (98),

By dp: 0.000 milli sec.
Total 500 yen.
 *
 *
 *
 * $ ./Debug/Problem_Knapsack.exe 500 15, 15, 20, 15, 20, 21, 21, 20, 20, 15, 61, 21, 20, 30, 30, 30, 30, 10, 10, 10, 100, 21, 21, 21, 21, 43, 21, 33, 33, 33, 33, 21, 21, 10, 10, 33
 *
 *$ ./Debug/Problem_Knapsack.exe 500 15, 15, 20, 15, 20, 21, 21, 20, 20, 15, 61, 21, 20, 30, 30, 30, 30, 10, 10, 10, 100, 21, 21, 21, 21, 43, 21, 33, 33, 33, 33, 21, 21
500 yen, 33 items:
15, 15, 20, 15, 20, 21, 21, 20, 20, 15, 61, 21, 20, 30, 30, 30, 30, 10, 10, 10, 100, 21, 21, 21, 21, 43, 21, 33, 33, 33, 33, 21, 21,

By recursion: 232370.000 milli sec.
function calls = 1217729287

Total 500 yen.
Buy item id 14 (30), 15 (30), 16 (30), 17 (10), 18 (10), 19 (10), 20 (100), 23 (21), 24 (21), 25 (43), 26 (21), 27 (33), 28 (33), 29 (33), 30 (33), 31 (21), 32 (21),

By dp: 0.000 milli sec.
Total 500 yen.
 *
 *$ ./Debug/Problem_Knapsack.exe 500 15, 15, 20, 15, 20, 21, 21, 20, 20, 15, 61, 21, 20, 30, 30, 30, 30, 10, 10, 10, 100, 21, 21, 21, 21, 43, 21, 33, 33, 33, 33, 21, 21, 10, 10, 33

500 yen, 36 items:
15, 15, 20, 15, 20, 21, 21, 20, 20, 15, 61, 21, 20, 30, 30, 30, 30, 10, 10, 10, 100, 21, 21, 21, 21, 43, 21, 33, 33, 33, 33, 21, 21, 10, 10, 33,

By recursion: 1686296.000 milli sec.
function calls = 1723858092
28.1 min., 1.7G times
Total 500 yen.
Buy item id 14 (30), 15 (30), 16 (30), 19 (10), 20 (100), 23 (21), 24 (21), 25 (43), 26 (21), 28 (33), 29 (33), 30 (33), 31 (21), 32 (21), 33 (10), 34 (10), 35 (33),

By dp: 0.000 milli sec.
Total 500 yen.

500 yen, 47 items:
49, 28, 38, 55, 23, 12, 98, 118, 35, 18, 63, 28, 27, 52, 68, 38, 78, 38, 38, 55, 39, 48, 103, 29, 41, 34, 45, 78, 78, 58, 58, 68, 58, 48, 65, 58, 28, 33, 45, 56, 15, 55, 48, 29, 65, 18, 38,

skip the enumelation algorithm.
By recursion: 700780.000 milli sec.
By recursion: 700.780 sec.
Total 500 yen.
Buy item id 0 (49), 1 (28), 2 (38), 3 (55), 4 (23), 6 (98), 7 (118), 10 (63), 11 (28),

By dp: 0.000 milli sec.
Total 500 yen.
Buy item id 0 (49), 1 (28), 2 (38), 3 (55), 4 (23), 6 (98), 7 (118), 10 (63), 11 (28),


2024-05-01
Darwin alpheratz.local 23.4.0 Darwin Kernel Version 23.4.0: Fri Mar 15 00:12:49 PDT 2024; root:xnu-10063.101.17~1/RELEASE_ARM64_T6020 arm64
Mac Studio/Apple M2 Max
 500 yen, 33 items: 
15, 15, 20, 15, 20, 21, 21, 20, 20, 15, 61, 21, 20, 30, 30, 30, 30, 10, 10, 10, 100, 21, 21, 21, 21, 43, 21, 33, 33, 33, 33, 21, 21, 

By enumerating all subsets: 492.016 sec.
Total 500 yen.
Buy item id 0 (15), 1 (15), 2 (20), 3 (15), 4 (20), 5 (21), 6 (21), 7 (20), 8 (20), 10 (61), 11 (21), 13 (30), 14 (30), 15 (30), 16 (30), 17 (10), 20 (100), 21 (21), 

500 yen, 33 items: 
15, 15, 20, 15, 20, 21, 21, 20, 20, 15, 61, 21, 20, 30, 30, 30, 30, 10, 10, 10, 100, 21, 21, 21, 21, 43, 21, 33, 33, 33, 33, 21, 21, 

By recursion: 49.320 sec.
Total 500 yen.
Buy item id 0 (15), 1 (15), 2 (20), 3 (15), 4 (20), 5 (21), 6 (21), 7 (20), 8 (20), 10 (61), 11 (21), 13 (30), 14 (30), 15 (30), 16 (30), 17 (10), 20 (100), 21 (21), 

500 yen, 34 items: 
15, 15, 20, 15, 20, 21, 21, 20, 20, 15, 61, 21, 20, 30, 30, 30, 30, 10, 10, 10, 100, 21, 21, 21, 21, 43, 21, 33, 33, 33, 33, 21, 21, 48, 

By recursion: 89.043 sec.
Total 500 yen.
Buy item id 0 (15), 1 (15), 2 (20), 3 (15), 4 (20), 5 (21), 6 (21), 7 (20), 8 (20), 10 (61), 11 (21), 13 (30), 14 (30), 15 (30), 16 (30), 17 (10), 20 (100), 21 (21), 

500 yen, 35 items: 
15, 15, 20, 15, 20, 21, 21, 20, 20, 15, 61, 21, 20, 30, 30, 30, 30, 10, 10, 10, 100, 21, 21, 21, 21, 43, 21, 33, 33, 33, 33, 21, 21, 48, 53, 

By recursion: 153.972 sec.
Total 500 yen.
Buy item id 0 (15), 1 (15), 2 (20), 3 (15), 4 (20), 5 (21), 6 (21), 7 (20), 8 (20), 10 (61), 11 (21), 13 (30), 14 (30), 15 (30), 16 (30), 17 (10), 20 (100), 21 (21), 

500 yen, 34 items: 
15, 15, 20, 15, 20, 21, 21, 20, 20, 15, 61, 21, 20, 30, 30, 30, 30, 10, 10, 10, 100, 21, 21, 21, 21, 43, 21, 33, 33, 33, 33, 21, 21, 48, 

By enumerating all subsets: 991.025 sec.
Total 500 yen.
Buy item id 0 (15), 1 (15), 2 (20), 3 (15), 4 (20), 5 (21), 6 (21), 7 (20), 8 (20), 10 (61), 11 (21), 13 (30), 14 (30), 15 (30), 16 (30), 17 (10), 20 (100), 21 (21), 

