0.42367625720393803
0.7380657118984081
0.9400913525386847
0.9989966067042785
0.9058136834259365
0.6747288380674833
0.3409226435454039
-0.04478593298500365
-0.4236762572039379
-0.738065711898408
-0.9400913525386846
-0.9989966067042785
-0.9058136834259365
-0.6747288380674831
-0.340922643545404
0.04478593298500309
0.4236762572039378
0.7380657118984082
0.9400913525386846
0.9989966067042785
0.9058136834259366
0.6747288380674832
0.340922643545405
-0.04478593298500296
-0.42367625720393765
-0.7380657118984082
-0.9400913525386848
-0.9989966067042785
-0.9058136834259366
-0.6747288380674832
-0.3409226435454051
0.04478593298500284
0.42367625720393753
0.7380657118984081
0.9400913525386848
0.9989966067042785
0.9058136834259367
0.6747288380674834
0.3409226435454052
-0.04478593298500272
-0.4236762572039375
-0.7380657118984069
-0.9400913525386848
-0.9989966067042785
-0.9058136834259375
-0.6747288380674834
-0.3409226435454053
0.04478593298500437
0.42367625720393737
0.7380657118984066
0.9400913525386847
0.9989966067042785
0.905813683425936
0.6747288380674835
0.3409226435454054
-0.044785932985004245
-0.42367625720393726
-0.7380657118984066
-0.9400913525386847
-0.9989966067042785
-0.9058136834259376
-0.6747288380674836
-0.3409226435454056
0.04478593298500413
