example.txt
 Created on: 2019/05/27
     Author: Sin Shimozono

5, 10, 7, 13, 14, 14, 23, 10, 11, 13, 20, 11, 
12 data.
23, 20, 14, 13, 14, 11, 7, 10, 11, 13, 10, 5, 

20, 14, 14, 13, 13, 11, 7, 10, 11, 5, 10, 23, 
14, 14, 11, 13, 13, 10, 7, 10, 11, 5, 20, 23, 
14, 13, 11, 13, 5, 10, 7, 10, 11, 14, 20, 23, 
13, 13, 11, 11, 5, 10, 7, 10, 14, 14, 20, 23, 
13, 11, 11, 10, 5, 10, 7, 13, 14, 14, 20, 23, 
11, 11, 10, 10, 5, 7, 13, 13, 14, 14, 20, 23, 
11, 10, 10, 7, 5, 11, 13, 13, 14, 14, 20, 23, 
10, 10, 5, 7, 11, 11, 13, 13, 14, 14, 20, 23, 
10, 7, 5, 10, 11, 11, 13, 13, 14, 14, 20, 23, 
7, 5, 10, 10, 11, 11, 13, 13, 14, 14, 20, 23, 
5, 7, 10, 10, 11, 11, 13, 13, 14, 14, 20, 23, 
5, 7, 10, 10, 11, 11, 13, 13, 14, 14, 20, 23, 
5, 7, 10, 10, 11, 11, 13, 13, 14, 14, 20, 23, 
passing counter [0] = 0, [1] = 0
